363356
363358
363359
363360
363489
363490
363491
363492
363493
364250
341122
341155
341947
341964
344235
345060
345323
345324
345325
345327
345336
345337
345445
364157
364158
364159
364160
364161
364162
364163
364164
364165
364166
364167
364168
364169
364170
364171
364156
364182
364172
364173
364174
364175
364176
364177
364178
364179
364180
364181
364183
364184
364185
364186
364187
364188
364189
364190
364191
364192
364193
364194
364195
364196
364197
361100
361101
361102
361103
361104
361105
364126
364100
364131
364101
364102
364130
364103
364132
364104
364105
364133
364106
364134
364107
364108
364135
364109
364136
364110
364111
364112
364113
364114
364115
364116
364117
364137
364118
364119
364138
364120
364139
364121
364122
364140
364123
364124
364125
364127
364141
364128
364129
361108
361106
361107
410011
410012
410013
410014
410025
410026
410155
410218
410219
410000
